0
31140
29126
16653
2212
15438
16881
20304
3016
10834
3534
13628
23485
6796
27932
5794
3037
5752
14516
18695
15207
8426
1644
28666
4226
21759
7226
13221
25727
29011
7837
17825
1375
9076
32312
10255
12437
10135
26816
27364
11021
4234
16665
21380
6764
19434
25276
8851
922
13974
13404
27655
4734
21859
19913
13698
3848
1554
13588
20192
9077
15487
30452
6411
22478
8218
7784
12055
26290
7579
20382
9611
20310
16626
2580
21500
18634
27517
22013
23777
31358
14974
24806
26530
7684
12748
19865
16626
28183
32457
15170
21855
1757
26515
18384
14887
7017
14975
4510
14414
9348
20931
31827
3565
27821
32626
15623
22989
7518
30126
29095
25908
12689
32537
18330
16383
29059
7052
30116
25329
23480
21772
3339
19531
7999
24825
26105
19101
2871
24969
11042
27099
6034
23413
18598
14003
27417
13298
16953
19486
688
19171
13441
24374
24028
1357
1471
15687
21634
23563
2482
28712
31218
17091
7353
31948
12579
31512
31287
28692
22080
10273
21051
11751
8548
13850
25185
13957
9891
27226
5619
22040
5961
12165
29012
29325
10342
29187
19615
27553
17034
8369
8587
16703
24269
9686
28818
29705
13586
27736
338
21557
8077
17712
563
12954
22403
16667
19274
10250
28497
21138
18557
26339
11696
19453
20200
19169
11831
3620
24960
6966
27426
31462
10486
13021
5201
45
8927
811
22420
20257
19473
9383
32293
5020
19024
27163
886
16350
22826
10731
2349
16515
32287
12710
19565
11442
18437
6107
88
18070
7595
24622
12754
24594
24509
9642
6279
30640
25063
16217
31023
8667
32573
4882
32017
4687
19931
2707
8901
22989
13768
24272
11327
11283
28449
11658
11785
16907
11123
3362
9168
11331
28264
4784
11810
10653
22950
32336
23926
22088
28660
444
11885
18158
5022
21792
6999
25647
17435
3625
26361
6735
24302
27999
1166
12587
26570
5558
16651
24690
7161
25183
4519
29713
21759
20196
11163
5359
32378
9588
18726
2523
9036
26492
16341
1219
22012
9335
19457
20518
30810
13062
13721
28875
9826
67
12834
4020
18531
26962
10235
16462
4193
21306
14054
30442
26295
29939
10692
17264
2560
1985
13728
9298
26168
20928
10735
1472
26399
16063
30230
16667
18910
31569
10285
12459
12781
17954
18691
11156
1332
27528
14690
32262
21361
8026
29844
12725
19673
10501
23589
14985
3074
5596
28907
23446
14080
26032
7492
22606
15311
26017
29855
17909
11249
11571
3134
4438
31575
29093
20794
3253
9861
9086
32711
6660
1010
2664
8121
17754
17581
21313
10823
25504
26694
17520
15631
2446
10220
3189
32347
28374
7379
24260
5795
4510
9689
21204
25427
11828
20584
14707
18125
24317
18590
23644
14770
30895
5291
23563
350
30400
8059
8144
12209
3103
22166
3107
20501
11297
24388
29495
26044
8126
9972
29650
7978
31485
21214
14939
25332
1709
21224
22581
6599
29270
7110
9547
22955
25199
19558
24556
22153
11985
17035
32474
15339
25964
25272
27037
21508
25913
5967
2845
8176
9583
19194
29296
17725
31994
25162
30193
29865
32297
30878
3218
11821
15015
25671
20851
1595
940
17897
26035
20549
31348
10020
9350
21118
1265
27764
23943
26340
31421
7766
2384
11646
7762
19885
11336
13282
13949
5987
23485
13819
23568
2899
6451
23561
20440
31335
30715
6633
27854
28669
16647
5015
2705
23184
2300
10993
25620
10132
27785
6846
22164
22177
26360
17134
3278
18388
30466
2595
27246
18803
1512
30833
19402
10447
17599
28514
28112
19055
29707
9022
4669
3434
18832
14729
13329
32277
26725
12492
24639
7134
8010
30105
1704
13944
24891
18633
22346
9785
11334
23304
32693
25536
21145
16788
23743
17114
23007
10305
29817
21671
25805
25793
19554
13560
23287
20258
28634
18172
17129
920
15065
9500
627
29053
15584
18467
31044
23446
18480
10658
10682
11672
315
26003
25593
19178
600
7996
10043
15021
26554
11606
11623
21754
22435
20847
21732
21866
23253
32397
23727
30428
6474
29460
9899
31858
20260
10729
29753
19421
3559
26328
20745
31963
7654
25139
8240
509
5115
22460
32634
20142
28539
31941
29953
7793
21609
8598
6910
16746
13802
527
15840
4640
1273
2447
8347
30849
14172
3604
23363
7719
15063
18083
2009
14297
10399
234
12645
2133
19729
23076
14660
76
22436
32573
9924
8111
18205
14390
5358
31785
26114
17100
12963
4333
27472
16468
2283
15281
4976
15082
31625
2810
17768
1482
14291
16795
6223
31998
1472
13176
19715
26682
12099
24464
4126
1284
29143
27451
6181
31767
11867
25263
29699
17930
19233
25289
7606
17197
31810
4107
9545
2740
26164
32481
2050
13591
20126
28968
2012
9656
20330
3312
5943
6087
16412
28801
11471
29282
18787
18333
5099
10241
22254
17925
3287
9490
23425
11071
20883
4576
6984
13205
21197
27577
28779
6753
16653
14672
15842
4488
13872
24160
1163
21061
4887
21138
20090
11048
26016
16289
25744
12126
27349
19132
591
27442
356
3372
31724
16852
8272
54
2726
22617
9701
24643
13143
12804
4849
19262
31561
25028
1585
7742
24394
29949
3082
22117
16643
31627
5753
30984
16005
20741
12621
18191
10277
2878
18068
16287
2186
12818
1875
13815
29444
9311
19578
32408
3103
20049
1046
30633
121
5347
32457
28825
24016
6818
12663
13574
607
16820
16195
16094
5739
3866
24506
21444
17433
21298
30029
4533
8578
15232
26629
12011
265
12717
6258
28929
7149
11216
32485
8025
19226
20973
19167
29883
16965
7355
5832
21566
311
20907
996
17772
28521
37
21124
31649
21970
25621
19065
27828
11005
20902
1998
15065
25950
3661
32695
30150
18406
15114
20932
30485
23765
13291
14682
24042
4816
2257
13156
28117
12339
29558
11334
21754
4264
28335
18962
7535
24825
21231
9983
19941
19746
7181
4119
32139
21675
15431
7215
24367
14644
8326
12060
1958
15186
18916
15652
29551
6553
8299
25267
3987
1530
25375
9295
18895
1360
22847
27342
27637
27957
10441
4039
18064
29722
30268
3654
28359
1943
12705
11204
4996
23807
13516
11606
11733
28728
5856
27940
4242
25801
22801
25629
6976
32053
20654
31721
5173
7304
29278
15647
28157
1583
25258
11705
31741
20492
28603
29637
23126
15050
22629
4189
3340
25710
1125
18136
6760
2351
4583
1090
9370
18056
23628
23306
18083
5259
24617
26363
14450
27000
8339
11629
32333
15246
29082
19901
10099
21793
19475
5626
24576
12013
3739
20449
23056
17578
20440
23052
21031
6113
9730
24934
13009
21757
1954
20194
7045
20133
10650
15725
20175
17225
32358
3105
19375
8443
15009
24763
5692
15233
715
11855
29580
10408
9801
5178
7384
14043
2989
10585
11740
12787
12856
1912
21117
27217
27805
11021
30638
12842
14600
31527
916
17699
23135
3489
22760
19998
5832
31643
10654
32595
16235
23082
23748
28834
25977
11087
2988
14375
24685
23334
23117
28944
2450
7520
12007
9387
20677
16115
3302
18883
3708
16400
5897
20013
14087
19030
31939
24222
21270
22341
22242
24768
24956
6901
14190
21380
1586
1800
28884
2489
10911
31197
22595
29406
29462
28166
1879
26164
11681
15869
24821
9240
7677
20498
23926
400
19173
16040
25095
29220
12436
20641
10063
25583
31877
22039
29523
8693
13949
15693
10903
12471
31435
29669
31878
22789
10702
26707
12052
21780
12473
16273
19874
21456
20371
4884
16162
18035
130
19200
1915
11351
25672
26776
14383
20744
22542
21752
21563
12446
6241
2054
11071
30282
5498
7078
28638
18734
23746
7981
3432
23410
15253
16153
182
28564
32582
5375
14422
18431
30308
13252
16361
13536
5948
17424
15048
13365
28575
17664
29166
22566
16870
17691
30994
26521
29490
10120
12051
27905
12025
18814
7577
10102
25534
7163
31738
4619
32031
1465
22874
30044
32533
8542
12823
14182
26232
11250
29796
23964
29377
14231
14387
30007
15636
30324
11865
21965
16510
12787
2796
29221
14203
16940
28400
11082
29371
6561
5427
23006
3365
14635
18038
433
8477
8244
22733
25490
25346
3367
15945
24933
17659
8741
26323
26742
2036
16890
31067
22029
24035
14671
10291
2627
336
2080
9397
7443
26132
24433
30252
27060
26465
10045
14322
25638
5890
8368
725
27916
4580
30870
1471
6073
32214
24082
4503
5773
5261
29075
7266
16770
24555
8196
32686
27394
2945
15939
30256
30460
28498
30933
7340
26678
14297
27608
31253
22501
20302
30520
21238
2939
27686
8998
19472
7360
26841
10438
8260
26660
18663
29480
28084
13651
3869
11386
24102
19979
18708
11132
11945
30506
29692
21812
23162
12
7831
18146
27944
23571
27784
23606
16375
31367
24270
26049
9858
20641
1420
9130
20133
18914
32523
22690
22426
4777
26625
2329
25698
28933
8468
15026
11623
8136
3482
18421
21855
24541
12195
7237
1395
13275
17721
27665
5281
31193
19174
15694
15967
22405
1911
21540
11393
11376
1280
22503
22620
32428
6944
17482
1836
5529
28294
31439
26035
14076
2484
2178
1827
14929
29443
29671
19262
26211
25576
10033
28604
19737
1397
19124
20717
6547
22051
9117
7583
1141
7374
19169
578
25219
3329
20595
3914
367
116
7866
24277
18158
27091
12866
15758
17937
25793
31154
23249
16083
1821
29182
17424
15343
22404
21213
12149
17140
3351
24446
22984
19098
31870
12150
31636
27479
22061
1022
6533
32302
6629
32091
13333
7624
25470
17565
6759
15813
29925
32140
25715
19540
8545
5344
22628
4609
32282
16048
16190
17359
31707
14637
27844
31623
19991
10128
32409
2639
17194
6481
5797
22910
29154
4506
5306
19887
24638
8955
4984
24597
1909
29535
11374
25102
22842
15423
18305
7930
10815
6933
31122
20557
9720
17940
13915
6115
12193
30998
22938
29844
21634
11990
19314
25865
13170
31327
17422
11469
32154
5316
29319
28583
29819
29458
2824
5928
2355
30851
48
13952
251
6388
27575
24726
17141
32665
27221
9303
13093
3568
28383
9037
16060
18163
20660
30324
32157
31378
6487
21834
3354
17760
21853
13094
2046
14477
27786
18122
16337
15892
17719
12347
6999
3381
14070
12497
15962
17190
4217
10634
24233
29702
13488
21411
27233
18450
4914
26474
25451
31003
32734
9550
5190
17464
11714
30008
519
9144
20796
4126
16286
25946
11614
26581
1626
28865
4247
16678
14256
21026
1168
13349
11320
23872
13653
1726
29688
31898
21429
5521
27621
226
30443
16128
19623
1202
16766
1157
5789
14459
19813
22089
32545
10942
9071
15603
17165
24702
16866
21950
637
20981
30306
21711
2519
8070
3861
453
11273
4851
9989
25233
4626
16592
4550
2184
9156
24119
10840
13238
28104
7870
2382
16502
10466
11942
26160
4928
18038
7509
10271
30401
9804
19462
27063
8241
22928
13504
29754
19937
5917
7556
30186
13331
17659
3019
30646
11279
15141
3120
22041
22899
9104
8809
16704
14795
7018
30075
2155
21089
31135
3118
13461
28759
24226
11711
13911
12018
29034
15062
11018
14393
28091
4791
32044
29631
26534
22716
25604
6077
26707
11779
1673
20579
18430
13156
17793
29040
26944
26534
28902
26113
14736
13810
27789
21158
6921
18567
2058
7611
7022
29616
3534
20982
7275
19699
19858
3900
20765
17036
9721
32185
13525
18202
20848
30511
24345
26007
31321
23182
22764
20877
23146
15814
22352
18311
26959
29145
32520
20934
24215
3380
5538
17718
2765
28735
17333
2721
19429
30771
19560
2081
8411
21548
24115
16091
8342
12415
24810
28906
22546
11341
25847
25498
21438
19800
6118
4567
22563
26134
25128
25317
3527
8708
4624
14673
9297
11325
14370
28199
12525
9291
6285
3173
19442
21821
22006
24752
12739
25337
14711
12614
27379
25044
15336
12852
16300
3168
13405
2505
31313
2949
20463
31050
15714
1236
14016
32231
28832
25367
569
32238
2418
3373
26774
22079
12936
32533
16805
23552
5822
31048
18634
9873
21315
14924
16455
13762
21754
30342
22970
18500
9504
592
2023
30302
26928
25163
7608
25825
6659
13814
24194
9310
13884
12416
25482
4246
29667
5083
31432
17458
13648
25106
25323
29877
17739
14556
2205
19118
7793
2929
10503
2610
16858
11932
32152
8073
24824
27410
21762
25640
24258
2562
15750
12255
27666
4077
9330
2644
17228
6584
3816
4272
18241
4096
20448
25496
2387
9389
24432
12639
31449
20170
14156
12410
19909
14484
22665
7732
18564
21456
24230
5539
4389
2146
17356
21210
13246
12572
14933
13920
26635
23252
16268
7393
23129
31161
19379
24356
31650
2279
17227
3645
7418
18488
3471
16388
23081
3165
29762
32709
6042
21806
12458
14137
6004
7743
18909
9141
27142
7604
10299
11170
15720
25942
572
10285
20575
6630
1644
30527
3202
13489
26291
27056
2971
868
10458
25016
3152
23074
24651
13734
6659
11220
13592
10964
27638
31936
23615
7386
16307
25438
25901
9474
12971
2918
128
22012
24349
28462
9233
24531
16441
15155
12338
12320
8582
4085
31284
25214
7553
5641
24621
5437
28551
6249
18935
30299
7412
6414
15228
7343
14733
5057
23601
360
19227
25390
6113
11702
4185
31802
15532
28871
12048
29590
14927
12789
3457
404
26278
13118
23299
30778
27503
22516
3053
24470
16720
17333
19638
11344
23580
26014
12379
17542
27730
17340
7681
18131
23014
6851
16860
18353
23620
9731
1359
30978
21395
9111
21077
28649
18230
26848
9759
31966
11673
6962
14079
18946
24874
24780
12676
13231
26277
7694
20711
3924
26773
4838
22181
21632
3096
27788
9582
23612
738
8047
830
10910
32388
7535
18122
30363
26862
15436
29725
25629
1587
24670
3203
9301
25485
16263
5542
28755
14241
20583
7159
4564
6148
14798
13391
28251
10237
22135
16598
18563
9357
8435
32037
11155
29100
7139
5543
13651
3286
2666
20037
12830
2246
3298
31810
16185
30338
30158
22371
26467
24471
27408
26196
28077
13734
10077
2631
14988
23327
28653
28126
7981
10573
4727
23371
25352
6035
32604
15798
20408
26613
21539
20958
12042
31961
27173
18948
28500
15375
15753
26885
25096
8976
16499
22726
18568
28803
28281
16340
9020
1798
13399
23116
30435
27946
32739
6649
31782
3775
3139
4541
28019
9043
15965
12338
26376
24053
9615
3472
3406
19007
29856
20690
28009
31379
1783
28692
19469
27556
17931
20544
22163
16696
795
2025
27212
16429
6431
18807
26133
10682
27390
14469
14891
23544
4609
11911
10817
23457
20616
12976
30160
11031
7420
10515
23215
4776
22788
32008
9699
15888
2300
19153
18104
21311
8099
19581
6161
26205
12819
3597
21500
28428
10231
11478
25993
8941
15352
9766
3293
22885
24696
31018
2434
23713
23683
8207
16129
19415
13570
9320
1971
29391
13874
21200
10708
15011
12629
20944
8921
6083
17064
8195
15619
6459
13204
15735
9013
32057
19752
1111
26371
28361
11975
29895
11531
20708
32030
30736
29576
15017
32089
24317
10020
2282
28823
8069
31246
10474
17307
5545
12621
101
26308
19360
23636
5841
25151
3378
10966
25572
31355
19042
21723
26454
30941
3407
18708
28136
27830
1884
5483
10149
30834
31119
15839
29544
32530
31799
30095
926
17884
27090
28180
16461
24144
28973
12564
2646
27743
4813
14356
17399
7384
3470
13966
17043
24611
32394
19012
3510
15665
14396
1491
3924
20659
5350
2443
6481
19594
18479
7806
25670
2943
29713
2007
27523
3381
1266
32366
19024
28251
6417
2713
32377
12582
30500
12356
13321
27135
22592
8516
32341
9337
2296
27112
8764
5253
9673
19409
21934
26601
30390
15108
6251
19438
11823
12606
2573
31577
3895
19336
24905
26781
16070
26122
26738
22607
17516
10788
9022
32730
32312
17083
461
31860
3032
10961
17639
13905
29953
19033
30598
1046
3858
21833
8596
8848
26100
8432
6133
21670
11332
25482
3528
16268
30388
4626
19178
22330
18094
20567
11196
28445
10299
10066
20007
17164
26404
30135
4061
3197
8023
20170
16865
30713
11403
15220
13641
3789
15655
4502
1347
26883
3168
21917
16982
15248
1954
23127
25322
5839
25394
4869
7435
26926
25105
19377
3434
6696
21795
15297
20388
20851
5520
9933
27591
15994
32363
32686
15635
29709
10642
16855
13821
11351
29653
29929
9594
2321
3162
3713
24953
9206
4927
9812
31409
887
2946
12415
23966
18351
9246
12824
1222
9113
7287
9225
8257
30337
18424
30750
22136
6584
29947
29788
557
13964
15081
22677
4540
14455
29602
569
27552
12183
25631
623
31800
14174
22614
23140
20683
13707
13917
20963
25547
1369
19667
7207
32342
25334
24700
16109
21250
11062
15659
28621
13786
17289
19941
23497
5540
15915
67
3367
6758
3738
30488
25468
3368
25165
20564
21002
27898
29091
552
22603
21817
23834
4971
26830
6415
27329
13117
12866
14393
14320
29674
32465
4365
13110
11537
7599
29627
29331
18693
2802
31443
14823
371
18852
19719
17835
20293
9238
11315
11743
4551
18040
30106
30019
12552
26535
30578
6346
16260
29766
16292
13132
24319
28688
18381
2427
27828
364
8840
4632
14511
23362
3567
20071
19576
30990
3935
1760
1265
24883
31868
16423
897
24977
5493
31806
14962
31321
5258
7162
6296
27424
22219
29875
6196
5683
546
28224
13591
11819
19603
15650
3595
25025
18627
3328
13678
31203
23479
12116
29984
7687
16351
8803
2464
12991
14675
1138
6257
1677
24412
18231
26051
16633
7990
14222
3407
18402
23572
11629
17027
3858
20581
30746
23519
1557
5206
23195
11679
6218
28056
11375
30618
29498
19555
29307
27242
1833
6587
1095
1997
30187
15090
4458
25163
25593
28270
6979
25
24516
26028
14058
25918
21321
16517
11110
2292
13286
19888
16417
14929
25708
13449
20377
14374
32117
27664
29271
40
28664
9013
22053
6477
13850
32339
5500
23929
1607
19962
9020
1626
15490
8945
7839
400
28153
25467
9072
20498
23261
17882
27256
29901
12912
21522
20026
13966
23904
23791
2016
14625
16979
30281
14452
12731
14531
29831
4691
14997
7692
31586
14047
2522
16579
3052
7285
4035
5706
13264
4255
16384
28321
16859
10890
2651
6783
9147
16826
18072
14242
20743
15612
6047
5987
26496
19868
2525
29581
23703
27353
28903
25967
26671
8598
18528
21296
3235
3154
7198
18275
24587
1882
15240
26331
31419
30013
15426
30913
12045
10113
4109
13539
28257
16276
12776
19535
32609
7173
11899
24609
27018
9716
2998
23193
14824
4808
21430
24177
1312
28192
18152
16493
19124
11
31088
16179
7555
25467
24524
27997
13711
24823
3764
461
20227
24977
12869
576
31349
3608
95
31782
17000
28302
10828
16306
18965
7644
4514
20781
18795
26053
17514
1167
2644
22297
1153
30544
19258
12843
24127
23676
10954
13188
4695
20230
247
6361
22270
7774
18754
29243
13392
18757
569
5006
32751
6881
9790
14908
15341
7692
8586
15147
23788
23282
26994
19692
15235
4827
6376
16949
13540
28229
13892
18577
16060
20790
1605
32598
29275
18896
4178
31447
21269
19750
14342
2012
21480
13902
4076
17231
24671
15288
18823
23096
27829
20157
26262
1516
20798
6523
3989
6272
29955
3809
13191
11652
2988
16646
21747
21230
27300
29119
10285
15957
14711
4464
26326
25184
383
8226
31910
30845
24767
9430
29033
21206
25615
12057
13384
2689
19578
5849
11338
24054
17380
28279
12827
21447
17647
23325
22283
30091
14880
18258
7513
14107
6206
9164
1458
24066
30715
10885
5621
32046
29399
22545
15673
22764
18240
3886
14609
18195
2046
6813
24591
24446
23246
304
30086
4288
2637
24613
27284
27924
28440
16306
12384
17299
29746
5601
32673
22954
15014
27550
14688
22730
8301
22542
17662
17505
11921
17955
3960
3082
12947
14446
4074
3584
1803
32564
30034
7641
20366
5315
24983
25457
11220
5126
21962
9764
9754
32088
13227
22592
24774
15766
30831
30393
18250
11128
5312
4383
17994
28449
1542
3534
20225
2036
5349
32357
10721
25770
23814
6265
23673
16801
539
9866
9884
16759
13853
1333
23232
29656
29912
172
5540
16020
6314
9828
6454
23797
11400
24333
20147
26959
8001
25799
13328
9432
15367
27027
14489
29114
3115
519
19672
13159
1576
10311
10680
2349
11747
27440
4842
5898
2609
7638
6280
20673
5018
6961
7160
31533
93
29203
7188
22486
4531
3421
3207
11970
18008
11379
15482
10894
5704
16365
4209
15037
7110
32400
4975
28751
19875
18044
9057
2197
11965
7846
15545
6725
5830
27785
10586
6346
30791
12825
5812
8669
18404
26617
22320
18777
26849
18413
21198
22347
17125
7058
27404
11337
25854
25421
22027
16390
23014
27009
13549
28195
4485
5637
27009
1351
950
5589
28450
19569
28750
11015
15068
29325
24667
14593
26321
7238
19625
24810
11483
1052
3467
16990
29811
24758
30679
13414
30674
1401
19251
2727
17493
29017
21903
15065
6694
16367
28659
30331
28441
12492
14459
3269
6356
14606
11680
10463
25139
21297
3768
16464
4075
295
9664
17849
6253
13482
24154
29635
4877
4561
19986
17494
8803
16353
4581
26636
24049
15462
9476
20965
32519
25731
5333
11068
21732
10375
13883
17401
17438
7616
16407
21257
21828
25236
28431
6923
5825
2253
5774
18252
22019
31285
17163
5366
29661
2915
20879
7300
22570
12500
8305
20345
18612
2622
15716
32338
10068
14368
13493
31417
23386
12190
26061
10747
27182
140
253
7100
824
16841
4731
30954
766
6094
16039
24303
12684
2438
5011
31531
16409
5985
5059
31393
18919
18596
24113
8688
23659
8963
6036
8582
19118
16497
30946
31248
20467
30519
10004
1332
17818
18499
14377
30339
28740
1987
2413
26793
10296
29683
19195
19175
24838
11827
25729
17092
21610
19037
5955
22015
21618
26709
355
28871
2275
3042
26207
7214
7130
9916
24795
30940
6575
2278
24993
20992
2078
11069
8166
23693
30889
2130
24271
30370
6712
30581
11315
31561
3587
15890
31907
32357
945
19265
18599
1254
24769
20888
3915
3391
30506
13123
25050
31770
3902
29783
23786
16714
18644
10084
12952
18689
6054
2122
10773
3395
24312
14669
14434
23450
28795
22123
5719
8972
29296
21228
30698
24138
28944
21820
18606
28202
7980
1270
4506
30807
2577
32577
27660
7751
17582
25951
9741
8302
19961
14723
31703
16818
13966
32227
2709
32542
18841
18959
24681
28634
15607
19073
19891
24923
11416
24181
23441
983
25896
18427
2978
15100
16878
8778
17680
26337
8692
4695
4813
14653
14440
26022
5916
27351
15426
4960
22612
25917
15143
21415
19168
13497
5005
16678
15499
22145
23073
14572
1275
14126
11877
27770
8058
30063
17054
23066
4605
15615
6893
8051
17758
19924
18364
23131
13037
922
8027
3052
2855
29023
15083
12762
14789
26000
14972
2563
27385
27172
5234
13384
30196
5399
29741
9884
20651
15642
27625
10074
28891
26249
32226
16860
15946
31901
16572
26953
31313
10979
8995
15790
16535
27372
4783
10065
1311
6726
2570
15426
13189
11436
19028
9266
21380
20090
17350
28296
22204
2916
29078
3762
29618
19814
11547
29369
12825
18430
15410
26649
3152
9114
7904
17103
18987
32076
24633
31411
30966
3781
28288
13064
9399
4737
16015
24658
14004
14399
15993
103
7477
15796
23407
6345
8331
32640
7904
28467
2385
5729
9956
12402
31730
21671
32219
31094
11628
14312
5457
30377
21843
8948
26662
3456
280
29707
2027
17487
11403
19278
6542
23649
17311
5492
1338
21064
29037
11966
23929
14450
24700
12845
16796
8189
20544
18674
16220
972
9184
3622
30657
27099
20029
23227
2883
11983
16175
3507
4400
12242
13841
9359
7757
18077
7553
14347
7872
19414
21601
12552
1837
5021
2081
18890
8480
6242
1089
12131
30379
18425
6929
22383
8528
9968
3004
24066
32
15904
2436
32735
6437
1666
18511
1259
10750
18244
12899
12001
11209
6684
11118
70
20038
2525
1225
28576
11832
32584
1789
23267
19215
28708
13447
20268
32709
1169
10712
30897
774
9881
16032
20216
12947
12296
19532
20808
11752
10877
15821
26462
1053
21954
19612
14944
30986
26713
3835
6679
9646
15959
15229
16984
30674
27254
17864
5315
21737
23909
14490
6833
25659
5986
28938
25447
17474
6155
7953
4752
12116
113
12104
13034
21379
7023
499
8511
25026
16442
4927
9111
6217
17208
30920
172
19514
26902
22622
11166
13956
4117
15369
22504
2055
932
26442
2451
2298
11828
4516
30121
18314
7496
10843
18157
6596
3019
2428
6857
30389
26279
12829
19080
27344
32659
2534
21701
11152
25132
10705
31523
3678
32584
11309
26687
26292
8839
7145
29155
3971
26155
26895
19325
9170
6441
1679
15567
10920
19327
5438
12519
14893
29897
16414
12626
22028
26895
11744
8589
3355
4066
11175
20156
6718
4519
29967
10142
3209
28466
15726
12481
15012
14231
24154
2290
1396
20540
20331
4600
11767
819
19265
4482
17008
18375
17865
24157
26309
31061
6077
28138
31781
28766
874
21968
27629
12761
30390
5614
6605
10446
11873
16020
16679
7712
7819
18162
16823
25259
17527
10192
8057
24462
17806
3712
14791
202
32679
15377
32194
11789
28293
25798
6132
17864
2721
9158
26932
20103
1322
22293
17097
21122
1355
30659
11730
6511
19116
16996
16869
13467
22843
17344
20214
4409
4652
7627
24186
1274
24126
6359
20429
2270
19777
21768
5073
5705
20181
12296
19417
23129
26740
13053
20421
13175
3251
7352
24430
11564
30660
23599
836
28214
13632
3886
24629
19676
13091
22857
721
32126
1561
10005
26028
3952
17144
12696
14084
11273
4493
22013
8612
19446
23707
5516
7432
22228
17185
20954
2242
24831
11996
6461
5917
31652
13325
6019
19199
19230
7804
32484
3348
22399
20413
32052
7208
19308
21170
4446
23765
5423
18513
21773
19551
7687
4519
3756
6876
3010
23325
8081
12440
16526
27899
8821
8887
3341
25898
20008
23324
18599
15934
28802
30602
17444
18356
5533
9225
19066
29559
12097
29836
9187
7337
20640
464
20275
11169
21060
19847
25961
15152
29253
12726
23428
9001
17599
24412
5784
3104
2179
12372
1568
28785
13325
20604
14486
11909
20151
535
7745
4176
27180
368
28239
27678
20510
19393
25123
17040
14396
19794
15088
32225
6750
15077
17799
13934
28931
6738
20589
8310
32766
15983
18481
1822
29548
14898
28156
30904
27369
3866
23658
2116
17668
6858
20120
18487
16112
2040
23935
25212
15484
18053
10112
29113
19524
20205
5695
32723
15401
13538
14005
19892
20992
19764
22401
18508
31879
27380
24959
20181
4253
30681
7836
11868
26290
27618
25321
30333
27772
26685
19438
2926
32491
31080
2624
6463
8288
17558
26966
19551
24346
9300
2456
29539
32752
30828
185
28163
16710
11530
21575
3429
19002
15645
640
18847
6686
13312
3432
28791
3115
29274
15384
12652
17267
14915
1625
11003
4888
18088
24177
23835
14012
29168
19773
9482
28472
12255
5248
9803
22417
24251
19323
17648
1576
13230
10686
5397
20016
18028
29757
25517
13669
21
16550
15489
29179
29021
754
4469
1237
21482
6459
26381
17400
15102
18893
10801
26943
14165
26495
4909
31056
29265
4164
14844
5838
1108
14845
16326
5585
2669
401
12711
25491
16184
28736
2226
5740
6911
11060
27446
14848
16165
16729
4927
11191
12485
2927
32352
7021
9878
21086
19120
1131
28178
12233
25875
12950
11223
23781
27835
10215
31565
25484
28654
30235
12681
25997
26121
24748
18289
28231
2757
23295
12065
630
32441
14047
6286
25164
20768
5930
26985
12740
22237
31434
27719
31539
29372
29671
31486
16415
13051
24411
10322
3157
26633
12391
11473
16182
6285
9380
6907
32594
30378
29756
7846
3128
14977
21081
19361
25227
1528
20958
16280
26201
13754
598
6967
1961
17280
22825
5778
5459
7566
15126
13509
12821
6016
14813
23255
8162
22598
23100
19941
21885
26990
30237
23676
4679
19361
3854
14150
25686
13425
9457
15593
21702
22866
25845
15660
11860
27621
17605
30556
4648
11133
24063
22510
20211
12252
7655
14693
11834
20797
7517
11382
11250
20888
13580
2922
19532
11041
8677
23749
978
10257
19916
18725
26035
10154
4240
10348
3163
13429
32033
27169
28743
20431
3837
23828
8472
5795
19436
6721
5350
9081
11757
5879
470
20912
26992
8762
30191
17927
25541
20837
8489
24675
28117
8212
1479
31436
5904
18240
743
6584
11430
4012
27992
29068
14586
9088
10923
25952
5972
9012
653
25346
28629
432
6740
16446
12209
27570
20183
32093
20888
15983
24707
4332
2677
20861
9643
8383
11867
6128
14112
19509
25020
23748
19202
27580
27357
7803
12757
27032
14214
19974
10711
6113
27390
29929
31889
10187
2103
1691
6829
9771
3141
24875
10759
8502
3348
16681
14855
23435
12379
11460
4653
12404
3788
6704
20205
3432
22414
21835
16574
9429
18412
26751
16750
15901
19279
3306
29624
18142
22377
26044
8472
2423
22708
2785
10718
11464
17179
9953
15234
24889
6902
11268
16695
24317
2620
25785
17090
6552
22004
25400
9613
19614
18413
5223
1015
17854
24751
31226
3823
4096
26033
20447
11713
25675
8141
8409
20527
810
24048
3691
9924
23503
4118
20471
13669
9305
3702
11559
29737
18258
24825
30604
29291
19068
6897
18309
12317
4813
7944
99
8542
10680
24438
24522
4175
26542
28280
7258
20771
10213
29437
22415
31862
26968
21922
26342
9184
271
14816
14402
13513
16800
6020
21901
32127
15350
2144
19362
2181
32081
7745
30827
16943
28302
21793
1094
7275
14505
30109
2734
9442
21120
31657
13847
16704
7129
21890
21273
1487
10663
3812
7889
23115
10121
15486
21637
24818
29332
15267
16006
21466
20818
6722
20059
19591
27914
15128
27
10685
28738
2596
3355
1939
28291
21851
12745
32201
31068
7582
2776
6235
1705
29673
19870
15958
3094
14029
24506
31467
29662
17440
4601
23746
20185
29427
635
24465
26549
27076
27153
5100
7043
9461
22762
31071
7030
16765
9839
16058
31720
24542
6251
23724
13470
13143
1391
16019
30285
4442
30325
28051
31069
5440
3011
29157
10732
11324
10514
24178
21782
7565
11504
15009
15220
25336
14179
15981
11490
25974
17359
5306
4486
29226
6681
6121
1038
31637
23309
15530
24888
31501
11261
7953
28824
1643
17835
26093
2710
28165
27242
28757
24502
30428
1919
387
17692
1302
1485
24294
10831
19118
3506
5234
7229
20074
16940
21307
31103
24333
14144
7746
15327
18126
10140
14734
31511
21258
11643
3967
3292
1078
713
96
26139
31255
3207
20539
8579
28725
13682
9969
20291
24205
23519
22153
29205
4742
22250
23497
19835
21542
22223
19715
26952
27526
9368
11058
28259
6787
1273
18758
16584
24247
17016
15803
31439
4008
8912
4720
11697
11582
19352
9911
2888
29307
23072
30632
23830
102
12956
17084
27785
13640
19076
13975
16509
1051
29242
9764
21507
24640
25070
29159
10849
4464
3519
7055
25690
1013
1314
14283
15023
26906
24968
12895
485
15328
2107
6263
6985
32242
17289
23867
30514
16603
30501
19619
3206
20343
29642
8333
27007
2983
11809
27661
16815
21577
23781
20740
7490
1896
16965
13300
3460
29871
9354
25106
2723
21540
14841
23965
24245
5395
3067
17519
16892
6471
5499
1234
3177
12416
8336
21652
8288
26658
10076
7774
29371
811
15412
22849
21521
11879
15616
32402
24376
17639
21989
4600
12552
14511
5922
28611
19810
29615
8760
21887
21873
17653
12878
22729
29488
11808
979
16482
7725
9496
24421
29570
7564
7676
19442
29551
27470
29020
11293
4941
23764
29353
19171
25144
13470
19177
7038
31632
345
27567
12425
12692
28185
11851
11878
17971
26595
29502
15581
9758
15470
22001
15365
23074
5674
18598
16488
8885
31106
11438
6754
29135
10078
15068
27850
14075
2285
20539
5844
12717
2209
29436
30006
15830
31867
9138
16010
20150
1416
20162
32500
3057
2220
29204
30468
17638
32766
